C:\Users\Angus\AppData\Local\Programs\Python\Python36\lib\site-packages\sklearn\cross_validation.py:41: DeprecationWarning: This module was deprecated in version 0.18 in favor of the model_selection module into which all the refactored classes and functions are moved. Also note that the interface of the new CV iterators are different from that of this module. This module will be removed in 0.20.
  "This module will be removed in 0.20.", DeprecationWarning)
C:\Users\Angus\AppData\Local\Programs\Python\Python36\lib\site-packages\h5py\__init__.py:36: FutureWarning: Conversion of the second argument of issubdtype from `float` to `np.floating` is deprecated. In future, it will be treated as `np.float64 == np.dtype(float).type`.
  from ._conv import register_converters as _register_converters
<bound method DataFrame.info of         dataid     sma10     sma21   slope10   slope21  awesomeoscillator  \
0       100160  0.990628  1.007319  0.002579 -0.002790          -0.021310   
1       100160  0.976743  0.991130  0.005070 -0.002090          -0.017277   
2       100160  0.969397  0.977120  0.005671 -0.001194          -0.012895   
3       100160  0.969200  0.969676  0.005396 -0.000380          -0.005911   
4       100160  0.979299  0.974534  0.005123  0.000338           0.000777   
5       100160  0.979017  0.969345  0.004851  0.001124           0.008380   
6       100160  0.984368  0.970887  0.004650  0.001903           0.014396   
7       100160  0.970392  0.953976  0.005581  0.002707           0.018710   
8       100160  0.971967  0.952783  0.005812  0.003186           0.022412   
9       100160  0.972278  0.950396  0.005943  0.003689           0.027237   
10      100160  0.981506  0.956442  0.005010  0.004139           0.031973   
11      100160  0.981071  0.954052  0.004551  0.004578           0.035921   
12      100160  0.988346  0.960322  0.004163  0.005013           0.038339   
13      100160  0.992561  0.966154  0.003758  0.004833           0.039014   
14      100160  0.991421  0.966509  0.002959  0.004438           0.038498   
15      100160  0.989264  0.965350  0.002418  0.004211           0.038971   
16      100160  0.966188  0.941865  0.002972  0.004241           0.044364   
17      100160  0.966134  0.941858  0.004302  0.004447           0.050180   
18      100160  0.972826  0.948507  0.005193  0.004651           0.057020   
19      100160  0.974309  0.950765  0.006036  0.004660           0.062542   
20      100160  0.980565  0.957256  0.006073  0.004592           0.067443   
21      100160  0.972312  0.949560  0.006594  0.004463           0.064842   
22      100160  0.978255  0.954756  0.006303  0.004435           0.064235   
23      100160  0.980982  0.955912  0.005400  0.004478           0.064046   
24      100160  0.985925  0.959287  0.004121  0.004526           0.064487   
25      100160  0.990673  0.963197  0.002544  0.004406           0.064834   
26      100160  0.994578  0.968988  0.002202  0.004228           0.062270   
27      100160  0.996791  0.973763  0.001926  0.003909           0.058851   
28      100160  1.004370  0.983061  0.000984  0.003673           0.053505   
29      100160  1.001666  0.982191  0.000308  0.003431           0.047862   
...        ...       ...       ...       ...       ...                ...   
231636  992959  1.009760  1.046373 -0.002178 -0.006296          -0.067237   
231637  992959  0.999649  1.031558 -0.002161 -0.005936          -0.059201   
231638  992959  0.986843  1.015446  0.000287 -0.005072          -0.048143   
231639  992959  0.989460  1.014456  0.001779 -0.004367          -0.039224   
231640  992959  0.970869  0.989008  0.003459 -0.003158          -0.034325   
231641  992959  0.982135  0.997950  0.005215 -0.002672          -0.025569   
231642  992959  0.974660  0.982598  0.004787 -0.001785          -0.018803   
231643  992959  0.972758  0.973113  0.004836 -0.000594          -0.011055   
231644  992959  0.980068  0.975286  0.004847  0.000270          -0.002540   
231645  992959  0.988228  0.980370  0.005262  0.001116           0.000264   
231646  992959  1.002794  0.989907  0.003296  0.001907          -0.000053   
231647  992959  1.054558  1.042868 -0.001355  0.001213          -0.007136   
231648  992959  1.053139  1.044521 -0.005195  0.000458          -0.019589   
231649  992959  1.041400  1.033860 -0.008178  0.000252          -0.034083   
231650  992959  1.031610  1.027942 -0.008936 -0.000038          -0.042307   
231651  992959  1.018895  1.018229 -0.009226 -0.000384          -0.048444   
231652  992959  1.251488  1.268950 -0.024498 -0.004005          -0.088932   
231653  992959  1.226357  1.266430 -0.033388 -0.008069          -0.124303   
231654  992959  1.211917  1.275379 -0.039856 -0.012000          -0.163079   
231655  992959  1.204430  1.292493 -0.044407 -0.015917          -0.216320   
231656  992959  1.149071  1.254521 -0.042597 -0.018171          -0.260711   
231657  992959  1.101253  1.216726 -0.040098 -0.020046          -0.263882   
231658  992959  1.062921  1.187025 -0.034375 -0.021251          -0.253738   
231659  992959  1.027026  1.159294 -0.024730 -0.021725          -0.235634   
231660  992959  0.997630  1.138972 -0.011951 -0.021920          -0.213428   
231661  992959  0.970088  1.120224  0.004361 -0.021354          -0.194077   
231662  992959  0.967576  1.101346  0.006749 -0.020520          -0.175891   
231663  992959  0.987542  1.107394  0.007476 -0.019807          -0.165985   
231664  992959  0.989450  1.090373  0.006804 -0.018100          -0.158850   
231665  992959  0.990994  1.070271  0.004336 -0.015922          -0.150887   

        momentum34  tangentslope   calcdate ticker    ...      iwmclose  \
0         0.142792      0.005266   7/7/2016   GOOG    ...      6.092701   
1         0.140897      0.007194   7/8/2016   GOOG    ...      6.041870   
2         0.141997      0.009070  7/11/2016   GOOG    ...      6.052903   
3         0.138872      0.011109  7/12/2016   GOOG    ...      6.019379   
4         0.137880      0.011779  7/13/2016   GOOG    ...      6.012411   
5         0.138099      0.011667  7/14/2016   GOOG    ...      6.039625   
6         0.136489      0.010268  7/15/2016   GOOG    ...      6.013784   
7         0.135921      0.009755  7/18/2016   GOOG    ...      6.119933   
8         0.136212      0.010177  7/19/2016   GOOG    ...      6.177368   
9         0.136911      0.010069  7/20/2016   GOOG    ...      6.172468   
10        0.138439      0.008777  7/21/2016   GOOG    ...      6.180487   
11        0.139558      0.007009  7/22/2016   GOOG    ...      6.168937   
12        0.139538      0.003882  7/25/2016   GOOG    ...      6.153469   
13        0.137310      0.002414  7/26/2016   GOOG    ...      6.112748   
14        0.137253      0.002172  7/27/2016   GOOG    ...      6.123246   
15        0.139003      0.001796  7/28/2016   GOOG    ...      6.173219   
16        0.139206      0.003531  7/29/2016   GOOG    ...      6.349963   
17        0.139223      0.004714   8/1/2016   GOOG    ...      6.378477   
18        0.139098      0.004743   8/2/2016   GOOG    ...      6.453549   
19        0.140774      0.005049   8/3/2016   GOOG    ...      6.419095   
20        0.144567      0.004871   8/4/2016   GOOG    ...      6.400216   
21        0.144152      0.005933   8/5/2016   GOOG    ...      6.395912   
22        0.143691      0.006188   8/8/2016   GOOG    ...      6.395288   
23        0.143377      0.005848   8/9/2016   GOOG    ...      6.408924   
24        0.142477      0.004967  8/10/2016   GOOG    ...      6.458803   
25        0.148100      0.004321  8/11/2016   GOOG    ...      6.429508   
26        0.149642      0.003335  8/12/2016   GOOG    ...      6.409854   
27        0.147050      0.002619  8/15/2016   GOOG    ...      6.340681   
28        0.146175      0.000641  8/16/2016   GOOG    ...      6.349183   
29        0.144488     -0.000984  8/17/2016   GOOG    ...      6.390610   
...            ...           ...        ...    ...    ...           ...   
231636    3.943218     -0.001750   4/6/2018   ARNC    ...      0.149907   
231637    4.022526      0.001342   4/9/2018   ARNC    ...      0.151255   
231638    4.055150      0.003640  4/10/2018   ARNC    ...      0.150150   
231639    4.074980      0.005340  4/11/2018   ARNC    ...      0.149372   
231640    3.979308      0.007441  4/12/2018   ARNC    ...      0.151719   
231641    3.979308      0.009900  4/13/2018   ARNC    ...      0.150893   
231642    4.042037      0.011872  4/16/2018   ARNC    ...      0.151638   
231643    4.100041      0.012286  4/17/2018   ARNC    ...      0.151216   
231644    4.163197      0.012372  4/18/2018   ARNC    ...      0.150368   
231645    4.182350      0.010536  4/19/2018   ARNC    ...      0.150457   
231646    4.110152      0.006361  4/20/2018   ARNC    ...      0.149534   
231647    4.073320      0.001422  4/23/2018   ARNC    ...      0.141965   
231648    4.061738     -0.003117  4/24/2018   ARNC    ...      0.142330   
231649    4.032258     -0.007823  4/25/2018   ARNC    ...      0.143645   
231650    3.969829     -0.010861  4/26/2018   ARNC    ...      0.143567   
231651    4.011231     -0.011625  4/27/2018   ARNC    ...      0.145064   
231652    4.008016     -0.035898  4/30/2018   ARNC    ...      0.116162   
231653    4.156276     -0.048954   5/1/2018   ARNC    ...      0.114753   
231654    4.125413     -0.058970   5/2/2018   ARNC    ...      0.112318   
231655    4.071661     -0.067004   5/3/2018   ARNC    ...      0.110071   
231656    4.161465     -0.067333   5/4/2018   ARNC    ...      0.110576   
231657    4.151100     -0.060059   5/7/2018   ARNC    ...      0.111812   
231658    4.139073     -0.049824   5/8/2018   ARNC    ...      0.112780   
231659    4.409171     -0.037688   5/9/2018   ARNC    ...      0.113562   
231660    4.395604     -0.024037  5/10/2018   ARNC    ...      0.113709   
231661    4.277160     -0.011618  5/11/2018   ARNC    ...      0.113989   
231662    4.338395      0.001420  5/14/2018   ARNC    ...      0.115054   
231663    4.405286      0.010975  5/15/2018   ARNC    ...      0.112897   
231664    4.340278      0.018310  5/16/2018   ARNC    ...      0.111919   
231665    4.528986      0.023758  5/17/2018   ARNC    ...      0.112012   

        iwmdataid  iwmticker  iwmpctchange  oneqclose  oneqdataid  oneqticker  \
0           14202        IWM     -1.666667   3.626199       45474        ONEQ   
1           14202        IWM      0.635193   3.618615       45474        ONEQ   
2           14202        IWM      1.155172   3.645442       45474        ONEQ   
3           14202        IWM      0.582090   3.647333       45474        ONEQ   
4           14202        IWM      1.307692   3.643191       45474        ONEQ   
5           14202        IWM      5.500000   3.641713       45474        ONEQ   
6           14202        IWM     -0.535714   3.642413       45474        ONEQ   
7           14202        IWM     11.411765   3.688263       45474        ONEQ   
8           14202        IWM     -0.860000   3.723713       45474        ONEQ   
9           14202        IWM      0.876923   3.700584       45474        ONEQ   
10          14202        IWM      0.744681   3.705192       45474        ONEQ   
11          14202        IWM      0.756757   3.704808       45474        ONEQ   
12          14202        IWM      2.666667   3.691651       45474        ONEQ   
13          14202        IWM     -0.375000   3.679956       45474        ONEQ   
14          14202        IWM      1.607143   3.668315       45474        ONEQ   
15          14202        IWM     -2.153846   3.681870       45474        ONEQ   
16          14202        IWM     15.350000   3.784905       45474        ONEQ   
17          14202        IWM      6.625000   3.794952       45474        ONEQ   
18          14202        IWM      0.165468   3.817745       45474        ONEQ   
19          14202        IWM      0.333333   3.810646       45474        ONEQ   
20          14202        IWM     -2.222222   3.791695       45474        ONEQ   
21          14202        IWM      0.958333   3.806794       45474        ONEQ   
22          14202        IWM      1.200000   3.809561       45474        ONEQ   
23          14202        IWM      2.909091   3.810972       45474        ONEQ   
24          14202        IWM     -0.069444   3.828454       45474        ONEQ   
25          14202        IWM      0.041667   3.809027       45474        ONEQ   
26          14202        IWM     -2.100000   3.801116       45474        ONEQ   
27          14202        IWM     -0.101010   3.773341       45474        ONEQ   
28          14202        IWM      0.839506   3.772341       45474        ONEQ   
29          14202        IWM     -1.241379   3.788362       45474        ONEQ   
...           ...        ...           ...        ...         ...         ...   
231636      14202        IWM      1.175879   0.083029       45474        ONEQ   
231637      14202        IWM      8.500000   0.083501       45474        ONEQ   
231638      14202        IWM      0.603175   0.082726       45474        ONEQ   
231639      14202        IWM     -1.363636   0.082781       45474        ONEQ   
231640      14202        IWM      3.323529   0.083761       45474        ONEQ   
231641      14202        IWM      2.038462   0.083256       45474        ONEQ   
231642      14202        IWM      1.543478   0.083861       45474        ONEQ   
231643      14202        IWM      0.743119   0.083112       45474        ONEQ   
231644      14202        IWM     -1.074074   0.082670       45474        ONEQ   
231645      14202        IWM      0.913043   0.082715       45474        ONEQ   
231646      14202        IWM      2.129630   0.082909       45474        ONEQ   
231647      14202        IWM     34.666667   0.078792       45474        ONEQ   
231648      14202        IWM      0.561404   0.079878       45474        ONEQ   
231649      14202        IWM     -5.133333   0.080513       45474        ONEQ   
231650      14202        IWM      0.891304   0.079596       45474        ONEQ   
231651      14202        IWM     -6.428571   0.080401       45474        ONEQ   
231652      14202        IWM     23.179775   0.064141       45474        ONEQ   
231653      14202        IWM     -1.489796   0.063202       45474        ONEQ   
231654      14202        IWM     -4.605263   0.062388       45474        ONEQ   
231655      14202        IWM      4.685185   0.060912       45474        ONEQ   
231656      14202        IWM      1.368000   0.060917       45474        ONEQ   
231657      14202        IWM      2.317647   0.061582       45474        ONEQ   
231658      14202        IWM      2.740000   0.062465       45474        ONEQ   
231659      14202        IWM      2.296296   0.062630       45474        ONEQ   
231660      14202        IWM      1.240741   0.062418       45474        ONEQ   
231661      14202        IWM      2.315789   0.062739       45474        ONEQ   
231662      14202        IWM     -1.447368   0.062942       45474        ONEQ   
231663      14202        IWM    -93.000000   0.062290       45474        ONEQ   
231664      14202        IWM      0.163462   0.061992       45474        ONEQ   
231665      14202        IWM      1.190476   0.062189       45474        ONEQ   

        oneqpctchange           sector  spyupdown  
0           -1.750000       Technology          0  
1            0.875740       Technology          1  
2            2.271186       Technology          1  
3            1.083333       Technology          1  
4            1.307692       Technology          0  
5            0.932203       Technology          1  
6            0.882353       Technology          0  
7            2.895522       Technology          1  
8           -0.826923       Technology          0  
9            0.475000       Technology          1  
10           0.744681       Technology          0  
11           0.982456       Technology          1  
12          10.000000       Technology          0  
13          -1.384615       Technology          1  
14           0.584416       Technology          0  
15           2.947368       Technology          1  
16          11.807692       Technology          1  
17           1.962963       Technology          0  
18           0.277108       Technology          0  
19           0.586957       Technology          1  
20          -0.666667       Technology          1  
21           1.422680       Technology          1  
22           0.461538       Technology          0  
23           1.142857       Technology          1  
24          -0.125000       Technology          0  
25           0.037736       Technology          1  
26                NaN       Technology          0  
27          -0.156250       Technology          1  
28           1.046154       Technology          0  
29          -5.142857       Technology          1  
...               ...              ...        ...  
231636       0.962963  Basic Materials          0  
231637       2.266667  Basic Materials          1  
231638       0.545455  Basic Materials          1  
231639       0.810811  Basic Materials          0  
231640       2.112150  Basic Materials          1  
231641       2.304348  Basic Materials          0  
231642       2.057971  Basic Materials          1  
231643       0.470930  Basic Materials          1  
231644      -1.208333  Basic Materials          1  
231645       0.913043  Basic Materials          0  
231646       0.833333  Basic Materials          0  
231647      20.800000  Basic Materials          0  
231648       0.191617  Basic Materials          0  
231649     -38.500000  Basic Materials          1  
231650       0.262821  Basic Materials          1  
231651      -8.181818  Basic Materials          1  
231652      40.450980  Basic Materials          0  
231653      -0.973333  Basic Materials          1  
231654       3.723404  Basic Materials          0  
231655      14.882353  Basic Materials          0  
231656       1.000000  Basic Materials          1  
231657       2.264368  Basic Materials          1  
231658     -19.571429  Basic Materials          1  
231659       1.278351  Basic Materials          1  
231660       0.663366  Basic Materials          1  
231661      -6.285714  Basic Materials          1  
231662       2.500000  Basic Materials          1  
231663       2.240964  Basic Materials          0  
231664       0.261538  Basic Materials          1  
231665       2.777778  Basic Materials          1  

[231666 rows x 39 columns]>
C:\Users\Angus\jupyterworkspace\scpdproject\finance.py:31: SettingWithCopyWarning: 
A value is trying to be set on a copy of a slice from a DataFrame.
Try using .loc[row_indexer,col_indexer] = value instead

See the caveats in the documentation: http://pandas.pydata.org/pandas-docs/stable/indexing.html#indexing-view-versus-copy
  traindata['sector'] = traindata['sector'].apply(lambda x: sector_dictionary[x])
C:\Users\Angus\AppData\Local\Programs\Python\Python36\lib\site-packages\pandas\core\frame.py:3035: SettingWithCopyWarning: 
A value is trying to be set on a copy of a slice from a DataFrame

See the caveats in the documentation: http://pandas.pydata.org/pandas-docs/stable/indexing.html#indexing-view-versus-copy
  downcast=downcast, **kwargs)
<bound method NDFrame.describe of         pctchange   slope10   slope21  awesomeoscillator  momentum34  \
0           -0.35  0.002579 -0.002790          -0.021310    0.142792   
1            1.48  0.005070 -0.002090          -0.017277    0.140897   
2            1.34  0.005671 -0.001194          -0.012895    0.141997   
3            0.78  0.005396 -0.000380          -0.005911    0.138872   
4           -0.51  0.005123  0.000338           0.000777    0.137880   
5            0.55  0.004851  0.001124           0.008380    0.138099   
6           -0.15  0.004650  0.001903           0.014396    0.136489   
7            1.94  0.005581  0.002707           0.018710    0.135921   
8            0.43  0.005812  0.003186           0.022412    0.136212   
9            0.57  0.005943  0.003689           0.027237    0.136911   
10          -0.35  0.005010  0.004139           0.031973    0.138439   
11           0.56  0.004551  0.004578           0.035921    0.139558   
12          -0.40  0.004163  0.005013           0.038339    0.139538   
13          -0.18  0.003758  0.004833           0.039014    0.137310   
14           0.45  0.002959  0.004438           0.038498    0.137253   
15           0.56  0.002418  0.004211           0.038971    0.139003   
16           3.07  0.002972  0.004241           0.044364    0.139206   
17           0.53  0.004302  0.004447           0.050180    0.139223   
18          -0.23  0.005193  0.004651           0.057020    0.139098   
19           0.27  0.006036  0.004660           0.062542    0.140774   
20          -0.20  0.006073  0.004592           0.067443    0.144567   
21           1.38  0.006594  0.004463           0.064842    0.144152   
22          -0.06  0.006303  0.004435           0.064235    0.143691   
23           0.32  0.005400  0.004478           0.064046    0.143377   
24           0.05  0.004121  0.004526           0.064487    0.142477   
25           0.02  0.002544  0.004406           0.064834    0.148100   
26          -0.21  0.002202  0.004228           0.062270    0.149642   
27          -0.10  0.001926  0.003909           0.058851    0.147050   
28          -0.68  0.000984  0.003673           0.053505    0.146175   
29           0.36  0.000308  0.003431           0.047862    0.144488   
...           ...       ...       ...                ...         ...   
231636      -2.34 -0.002178 -0.006296          -0.067237    3.943218   
231637       1.02 -0.002161 -0.005936          -0.059201    4.022526   
231638       1.14  0.000287 -0.005072          -0.048143    4.055150   
231639      -0.30  0.001779 -0.004367          -0.039224    4.074980   
231640       2.26  0.003459 -0.003158          -0.034325    3.979308   
231641      -1.06  0.005215 -0.002672          -0.025569    3.979308   
231642       1.42  0.004787 -0.001785          -0.018803    4.042037   
231643       0.81  0.004836 -0.000594          -0.011055    4.100041   
231644      -0.29  0.004847  0.000270          -0.002540    4.163197   
231645      -0.63  0.005262  0.001116           0.000264    4.182350   
231646      -1.15  0.003296  0.001907          -0.000053    4.110152   
231647      -5.20 -0.001355  0.001213          -0.007136    4.073320   
231648      -0.32 -0.005195  0.000458          -0.019589    4.061738   
231649       0.77 -0.008178  0.000252          -0.034083    4.032258   
231650       0.41 -0.008936 -0.000038          -0.042307    3.969829   
231651       0.90 -0.009226 -0.000384          -0.048444    4.011231   
231652     -20.63 -0.024498 -0.004005          -0.088932    4.008016   
231653      -0.73 -0.033388 -0.008069          -0.124303    4.156276   
231654      -1.75 -0.039856 -0.012000          -0.163079    4.125413   
231655      -2.53 -0.044407 -0.015917          -0.216320    4.071661   
231656       1.71 -0.042597 -0.018171          -0.260711    4.161465   
231657       1.97 -0.040098 -0.020046          -0.263882    4.151100   
231658       1.37 -0.034375 -0.021251          -0.253738    4.139073   
231659       1.24 -0.024730 -0.021725          -0.235634    4.409171   
231660       0.67 -0.011951 -0.021920          -0.213428    4.395604   
231661       0.44  0.004361 -0.021354          -0.194077    4.277160   
231662       0.55  0.006749 -0.020520          -0.175891    4.338395   
231663      -1.86  0.007476 -0.019807          -0.165985    4.405286   
231664       0.17  0.006804 -0.018100          -0.158850    4.340278   
231665       0.50  0.004336 -0.015922          -0.150887    4.528986   

        tangentslope      open      high       low  weighting  vixclose  \
0           0.005266  1.003912  1.004084  0.989732       1.42     14.76   
1           0.007194  0.991313  1.000113  0.986962       1.42     13.20   
2           0.009070  0.990155  1.001986  0.989022       1.42     13.54   
3           0.011109  0.997891  1.003192  0.993436       1.42     13.55   
4           0.011779  1.009261  1.009791  0.999819       1.42     13.04   
5           0.011667  1.000874  1.001748  0.995950       1.42     12.82   
6           0.010268  1.008168  1.008182  0.998889       1.42     12.67   
7           0.009755  0.984914  1.003203  0.982842       1.42     12.44   
8           0.010177  0.990407  1.000041  0.989199       1.42     11.97   
9           0.010069  0.994792  1.001268  0.994482       1.42     11.77   
10          0.008777  1.002342  1.004143  0.996209       1.42     12.74   
11          0.007009  0.998815  1.000673  0.991679       1.42     12.02   
12          0.003882  1.001217  1.003839  0.996931       1.42     12.87   
13          0.002414  1.000840  1.004428  0.994380       1.42     13.05   
14          0.002172  0.995295  1.003626  0.993569       1.42     12.83   
15          0.001796  1.001515  1.003673  0.991138       1.42     12.72   
16          0.003531  1.005099  1.012695  0.997372       1.42     11.87   
17          0.004714  0.984745  1.009769  0.984745       1.42     12.44   
18          0.004743  0.996913  1.006186  0.995824       1.42     13.37   
19          0.005049  0.992240  1.000039  0.991774       1.42     12.86   
20          0.004871  1.000791  1.003188  0.996345       1.42     12.42   
21          0.005933  0.989210  1.001048  0.987369       1.42     11.39   
22          0.006188  1.000307  1.001113  0.995305       1.42     11.50   
23          0.005848  0.995971  1.005967  0.995295       1.42     11.66   
24          0.004967  0.998815  1.002714  0.997579       1.42     12.05   
25          0.004321  1.000191  1.006243  0.997605       1.42     11.68   
26          0.003335  0.997804  1.000217  0.996399       1.42     11.55   
27          0.002619  1.001674  1.006454  0.997022       1.42     11.81   
28          0.000641  1.004066  1.004941  0.995239       1.42     12.64   
29         -0.000984  0.996679  1.001154  0.991820       1.42     12.19   
...              ...       ...       ...       ...        ...       ...   
231636     -0.001750  1.013310  1.019965  0.989352       0.03     21.49   
231637      0.001342  1.002196  1.021520  0.996047       0.03     21.77   
231638      0.003640  1.003474  1.011290  0.994355       0.03     20.47   
231639      0.005340  0.994338  1.009146  0.993031       0.03     20.24   
231640      0.007441  0.985094  1.001278  0.980409       0.03     18.49   
231641      0.009900  1.019372  1.027981  0.996126       0.03     17.41   
231642      0.011872  0.996180  1.004669  0.988540       0.03     16.56   
231643      0.012286  0.995789  1.010526  0.995368       0.03     15.25   
231644      0.012372  1.009291  1.016470  1.000000       0.03     15.60   
231645      0.010536  1.005950  1.010625  0.985550       0.03     15.96   
231646      0.006361  1.013328  1.017627  0.996561       0.03     16.88   
231647      0.001422  1.002268  1.041723  0.996372       0.03     16.34   
231648     -0.003117  1.014559  1.030937  0.979072       0.03     18.02   
231649     -0.007823  0.990068  1.002257  0.972460       0.03     17.84   
231650     -0.010861  0.997752  1.008543  0.986960       0.03     16.24   
231651     -0.011625  0.991533  1.002674  0.984848       0.03     15.41   
231652     -0.035898  1.139248  1.160584  0.988209       0.03     15.93   
231653     -0.048954  1.018665  1.040724  0.994344       0.03     15.49   
231654     -0.058970  1.024755  1.041451  0.995970       0.03     15.97   
231655     -0.067004  1.018901  1.023627  0.984052       0.03     15.90   
231656     -0.067333  0.981417  1.008130  0.976771       0.03     14.77   
231657     -0.060059  0.980068  1.007403  0.976651       0.03     14.75   
231658     -0.049824  0.983146  1.002247  0.978090       0.03     14.71   
231659     -0.037688  1.007214  1.017758  0.997780       0.03     13.42   
231660     -0.024037  0.996692  1.009372  0.987321       0.03     13.23   
231661     -0.011618  0.990670  1.001098  0.980241       0.03     12.65   
231662      0.001420  0.995633  1.002183  0.992904       0.03     12.93   
231663      0.010975  1.013904  1.015017  0.994438       0.03     14.63   
231664      0.018310  1.007773  1.008884  0.996669       0.03     13.42   
231665      0.023758  0.997238  1.004972  0.987293       0.03     13.07   

        vixpctchange  sector  diapctchange  iwmpctchange  oneqpctchange  
0              -1.34      10      3.181818     -1.666667      -1.750000  
1             -10.57      10      1.057143      0.635193       0.875740  
2               2.58      10      2.977778      1.155172       2.271186  
3               0.07      10      1.114286      0.582090       1.083333  
4              -3.76      10     -4.636364      1.307692       1.307692  
5              -1.69      10      0.743243      5.500000       0.932203  
6              -1.17      10      3.750000     -0.535714       0.882353  
7              -1.82      10     17.636364     11.411765       2.895522  
8              -3.78      10      2.388889     -0.860000      -0.826923  
9              -1.67      10      3.000000      0.876923       0.475000  
10              8.24      10      0.813953      0.744681       0.744681  
11             -5.65      10      1.931034      0.756757       0.982456  
12              7.07      10      1.052632      2.666667      10.000000  
13              1.40      10      1.636364     -0.375000      -1.384615  
14             -1.69      10    -45.000000      1.607143       0.584416  
15             -0.86      10     -5.090909     -2.153846       2.947368  
16             -6.68      10    -21.928571     15.350000      11.807692  
17              4.80      10     -3.785714      6.625000       1.962963  
18              7.48      10      0.469388      0.165468       0.277108  
19             -3.81      10      1.285714      0.333333       0.586957  
20             -3.42      10     -4.000000     -2.222222      -0.666667  
21             -8.29      10      1.393939      0.958333       1.422680  
22              0.97      10     -6.000000      1.200000       0.461538  
23              1.39      10      8.000000      2.909091       1.142857  
24              3.34      10     -0.416667     -0.069444      -0.125000  
25             -3.07      10      0.031250      0.041667       0.037736  
26             -1.11      10      1.000000     -2.100000       1.584406  
27              2.25      10     -0.303030     -0.101010      -0.156250  
28              7.03      10      1.658537      0.839506       1.046154  
29             -3.56      10      2.000000     -1.241379      -5.142857  
...              ...     ...           ...           ...            ...  
231636         13.46       1      0.991525      1.175879       0.962963  
231637          1.30       1      4.080000      8.500000       2.266667  
231638         -5.97       1      0.636872      0.603175       0.545455  
231639         -1.12       1      0.344828     -1.363636       0.810811  
231640         -8.65       1      1.867769      3.323529       2.112150  
231641         -5.84       1      2.120000      2.038462       2.304348  
231642         -4.88       1      1.690476      1.543478       2.057971  
231643         -7.91       1      0.910112      0.743119       0.470930  
231644          2.30       1      1.705882     -1.074074      -1.208333  
231645          2.31       1      1.909091      0.913043       0.913043  
231646          5.76       1      1.352941      2.129630       0.833333  
231647         -3.20       1    104.000000     34.666667      20.800000  
231648         10.28       1      0.183908      0.561404       0.191617  
231649         -1.00       1      3.080000     -5.133333     -38.500000  
231650         -8.97       1      0.405941      0.891304       0.262821  
231651         -5.11       1    -12.857143     -6.428571      -8.181818  
231652          3.37       1     35.568966     23.179775      40.450980  
231653         -2.76       1      2.281250     -1.489796      -0.973333  
231654          3.10       1      2.536232     -4.605263       3.723404  
231655         -0.44       1      2.685475      4.685185      14.882353  
231656         -7.11       1      1.195804      1.368000       1.000000  
231657         -0.14       1      5.324324      2.317647       2.264368  
231658         -0.27       1      0.450129      2.740000     -19.571429  
231659         -8.77       1      1.530864      2.296296       1.278351  
231660         -1.42       1      0.797619      1.240741       0.663366  
231661         -4.38       1      1.000000      2.315789      -6.285714  
231662          2.21       1      1.896552     -1.447368       2.500000  
231663         13.15       1      2.354430    -93.000000       2.240964  
231664         -8.27       1      0.629630      0.163462       0.261538  
231665         -2.61       1      4.166667      1.190476       2.777778  

[231666 rows x 16 columns]>
<bound method NDFrame.describe of         spyupdown
0               0
1               1
2               1
3               1
4               0
5               1
6               0
7               1
8               0
9               1
10              0
11              1
12              0
13              1
14              0
15              1
16              1
17              0
18              0
19              1
20              1
21              1
22              0
23              1
24              0
25              1
26              0
27              1
28              0
29              1
...           ...
231636          0
231637          1
231638          1
231639          0
231640          1
231641          0
231642          1
231643          1
231644          1
231645          0
231646          0
231647          0
231648          0
231649          1
231650          1
231651          1
231652          0
231653          1
231654          0
231655          0
231656          1
231657          1
231658          1
231659          1
231660          1
231661          1
231662          1
231663          0
231664          1
231665          1

[231666 rows x 1 columns]>
                      23318      23567      198895    166801     143934  \
pctchange           2.140000   0.220000  -2.890000  0.860000   0.000000   
slope10             0.005939  -0.004149  -0.002926  0.004696   0.005680   
slope21            -0.024805  -0.000105  -0.002233  0.002354   0.003341   
awesomeoscillator  -0.223965   2.086691  -0.388409  0.040796   1.624883   
momentum34          1.448891   2.086691  -0.388409  5.506608   1.624883   
tangentslope        0.001374   2.086691  -0.388409  0.003862   1.624883   
open                0.972603   0.998192   1.001919  0.997168   0.999108   
high                1.008058   1.007515   1.007678  1.002360   1.008031   
low                 0.962933   0.998135   0.979846  0.991977   0.997323   
weighting           0.010000   0.430000   0.180000  0.090000   0.920000   
vixclose           13.130000  11.560000  12.410000  9.880000  11.490000   
vixpctchange       13.290000   2.120000  -0.080000  0.610000  -2.300000   
sector              4.000000  10.000000   8.000000  7.000000   8.000000   
diapctchange       -3.821429  -0.578947  -8.027778  1.102564   0.000000   
iwmpctchange       -5.350000  -0.333333  -3.175824  0.500000   0.000000   
oneqpctchange      -4.367347   0.709677 -14.450000  1.036145   0.000000   

                      209560     210772     27159      119810     172282  \
pctchange          -1.730000   0.360000   0.990000  -0.070000  -0.490000   
slope10            -0.003033  -0.003436   0.019869   0.010747   0.002257   
slope21            -0.002405   0.002143   0.005358   0.005209  -0.003274   
awesomeoscillator  -0.197709  -0.006056   0.095322   1.175971  -0.037249   
momentum34         -0.197709   1.690046   1.121957   1.175971   1.267427   
tangentslope       -0.197709  -0.007214   0.025413   1.175971   0.008546   
open                1.018535   0.999488   0.995598   1.000190   1.003411   
high                1.021183   1.007510   1.004035   1.005207   1.004093   
low                 0.996470   0.994026   0.991380   0.994261   0.993314   
weighting           0.040000   0.070000   0.080000   0.340000   0.070000   
vixclose           11.490000  18.360000  11.390000  12.850000  10.440000   
vixpctchange       -0.610000  -1.980000  -8.290000  -3.750000  -0.570000   
sector             12.000000   3.000000   8.000000   2.000000   9.000000   
diapctchange        9.611111   1.696035   1.000000   0.159091  -1.960000   
iwmpctchange       -1.802083   0.333333   0.687500  -0.132075   5.444444   
oneqpctchange     -34.600000   0.620690   1.020619   0.875000   1.256410   

                     ...         161491     20077      19281      166290  \
pctchange            ...      -2.580000  -1.700000  -0.070000  -0.440000   
slope10              ...      -0.009077  -0.001929   0.000918   0.000933   
slope21              ...      -0.008189   0.000307   0.002093   0.002671   
awesomeoscillator    ...       2.013296   3.292403   0.022564   3.474916   
momentum34           ...       2.013296   3.292403   1.751313   3.474916   
tangentslope         ...       2.013296   3.292403  -0.001400   3.474916   
open                 ...       1.002580   1.019619   0.998831   1.008700   
high                 ...       1.003987   1.021253   1.002172   1.013622   
low                  ...       0.980066   0.998728   0.990144   0.999886   
weighting            ...       0.090000   0.120000   0.080000   0.230000   
vixclose             ...      11.670000  11.070000  15.960000  11.300000   
vixpctchange         ...      -1.520000  11.030000   2.310000   0.620000   
sector               ...       9.000000   6.000000  12.000000  12.000000   
diapctchange         ...      12.900000   8.095238   0.212121  -1.466667   
iwmpctchange         ...       2.243478   2.266667   0.101449  -2.095238   
oneqpctchange        ...      -8.600000   2.881356   0.101449  22.000000   

                      7123       197357     75294      33153     74170   \
pctchange           0.680000  -2.920000   0.610000   0.350000  0.160000   
slope10            -0.000837   0.004629   0.002578   0.004348 -0.001285   
slope21             0.000859   0.001141  -0.000630   0.006923 -0.000109   
awesomeoscillator   0.003798  -0.005604   0.006289   1.505337  0.885451   
momentum34          0.473844   2.918856   1.338509   1.505337  0.885451   
tangentslope       -0.002095   0.007412   0.004363   1.505337  0.885451   
open                0.994834   1.031134   0.995268   0.993808  0.996542   
high                1.003265   1.031134   1.001709   1.002914  1.003285   
low                 0.991228   0.998985   0.990011   0.987252  0.995159   
weighting           0.170000   0.030000   0.080000   0.050000  0.050000   
vixclose           10.180000  17.230000  13.100000  12.720000  9.610000   
vixpctchange       -3.050000   5.380000  -9.660000  -0.860000 -3.030000   
sector             10.000000   2.000000   7.000000   7.000000  1.000000   
diapctchange        5.230769   3.106383   0.884058  -3.181818  0.888889   
iwmpctchange        0.957746   6.212766   1.487805  -1.346154 -0.888889   
oneqpctchange       1.658537  20.857143   0.709302   1.842105  0.727273   

                      202497  
pctchange           1.450000  
slope10            -0.003302  
slope21             0.000128  
awesomeoscillator  -0.006481  
momentum34          0.599952  
tangentslope       -0.008472  
open                0.982121  
high                1.004178  
low                 0.978189  
weighting           0.160000  
vixclose           14.770000  
vixpctchange       -7.110000  
sector              1.000000  
diapctchange        1.013986  
iwmpctchange        1.160000  
oneqpctchange       0.847953  

[16 rows x 208498 columns]
(16, 208498)
(16, 23167)
(1, 208498)
(1, 23167)
learning rate: 0.0075
Doing layer_dims=[16, 10, 8, 6, 4, 2, 1]
Cost after iteration 0: 0.693867
Cost after iteration 100: 0.688634
0.005233234035412093
Cost after iteration 200: 0.682194
0.006439569151525326
Cost after iteration 300: 0.672899
0.009295036312053306
Cost after iteration 400: 0.656449
0.016450122183292448
Cost after iteration 500: 0.635137
0.02131188689770036
Cost after iteration 600: 0.610493
0.02464394569716577
Cost after iteration 700: 0.587694
0.02279875996279357
Cost after iteration 800: 0.570832
0.016861745987556298
Cost after iteration 900: 0.559049
0.011783203421311339
Cost after iteration 1000: 0.550263
0.008786043331673654
Cost after iteration 1100: 0.543468
0.006795142553106759
Cost after iteration 1200: 0.538206
0.005262103209481062
Cost after iteration 1300: 0.533979
0.004226768878686893
Cost after iteration 1400: 0.530460
0.0035196389122332805
Cost after iteration 1500: 0.527482
0.002977916109623946
Cost after iteration 1600: 0.524958
0.0025240619655513274
Cost after iteration 1700: 0.522713
0.002244497850589444
Cost after iteration 1800: 0.520692
0.0020209939188843284
Cost after iteration 1900: 0.518849
0.0018429436804643373
Cost after iteration 2000: 0.517093
0.0017564629457367253
Cost after iteration 2100: 0.515271
0.0018218347701213222
Cost after iteration 2200: 0.512710
0.002560441293608995
Cost after iteration 2300: 0.510997
0.0017138583258566875
Cost after iteration 2400: 0.509498
0.0014988311079981997
Cost after iteration 2500: 0.508121
0.0013762706439296446
Cost after iteration 2600: 0.506817
0.0013045934953864746
Cost after iteration 2700: 0.505558
0.0012588325993001526
Cost after iteration 2800: 0.504325
0.001233272988564238
Cost after iteration 2900: 0.502834
0.0014904084648280636
Cost after iteration 3000: 0.501452
0.001382269494323074
Cost after iteration 3100: 0.500056
0.001395930838293924
Cost after iteration 3200: 0.498600
0.0014562327912923112
Cost after iteration 3300: 0.497058
0.0015414580465747951
Cost after iteration 3400: 0.495340
0.001718147275886428
Cost after iteration 3500: 0.493515
0.001825698692385358
Cost after iteration 3600: 0.492019
0.0014958594558216465
Cost after iteration 3700: 0.490721
0.0012982086448973251
Cost after iteration 3800: 0.489485
0.0012359359413894322
Cost after iteration 3900: 0.488306
0.0011787703890230872
Cost after iteration 4000: 0.487152
0.0011534731226139905
Cost after iteration 4100: 0.486058
0.0010939613256976677
Cost after iteration 4200: 0.484990
0.0010681830538170067
Cost after iteration 4300: 0.483914
0.0010765595447874143
Cost after iteration 4400: 0.482848
0.0010653970872129825
Cost after iteration 4500: 0.481797
0.0010515751245965266
Cost after iteration 4600: 0.480750
0.0010462034182046054
Cost after iteration 4700: 0.479707
0.00104321012647407
Cost after iteration 4800: 0.478652
0.0010549848509054938
Cost after iteration 4900: 0.477588
0.0010646550303334834
Cost after iteration 5000: 0.476492
0.0010952858695612577
Cost after iteration 5100: 0.475364
0.0011285466532401367
Cost after iteration 5200: 0.474202
0.001161799161099486
Cost after iteration 5300: 0.473030
0.001171867910356672
Cost after iteration 5400: 0.471880
0.0011506355969025939
Cost after iteration 5500: 0.470719
0.0011605173576030303
Cost after iteration 5600: 0.469552
0.001166931395635784
Cost after iteration 5700: 0.468387
0.001165150224120337
Cost after iteration 5800: 0.467226
0.0011604846252203371
Cost after iteration 5900: 0.466047
0.0011792637182744259
Cost after iteration 6000: 0.464846
0.001200682170870826
Cost after iteration 6100: 0.463617
0.0012294525608222417
Cost after iteration 6200: 0.462359
0.001258525778716657
Cost after iteration 6300: 0.461054
0.001304510384175006
Cost after iteration 6400: 0.459704
0.0013495640994801716
Cost after iteration 6500: 0.458302
0.0014025846777915851
Cost after iteration 6600: 0.456846
0.0014554718028256808
Cost after iteration 6700: 0.455338
0.0015088151328078725
Cost after iteration 6800: 0.453787
0.0015507954912690747
Cost after iteration 6900: 0.452208
0.0015787435132142424
Cost after iteration 7000: 0.450621
0.0015873215441637445
Cost after iteration 7100: 0.449079
0.0015413111730596674
Cost after iteration 7200: 0.447536
0.001543741098020135
Cost after iteration 7300: 0.445949
0.00158625870817114
Cost after iteration 7400: 0.444285
0.0016644592205377617
Cost after iteration 7500: 0.442549
0.0017357391427115787
Cost after iteration 7600: 0.440762
0.001787622001385658
Cost after iteration 7700: 0.438970
0.0017915760417198112
Cost after iteration 7800: 0.437197
0.0017730692111525559
Cost after iteration 7900: 0.435403
0.0017934578411972768
Cost after iteration 8000: 0.433631
0.0017721139545341935
Cost after iteration 8100: 0.431876
0.0017549834543319487
Cost after iteration 8200: 0.430170
0.0017059093564208982
Cost after iteration 8300: 0.428521
0.0016490424113996816
Cost after iteration 8400: 0.426922
0.0015991988832934068
Cost after iteration 8500: 0.425341
0.001581033035771895
Cost after iteration 8600: 0.423776
0.0015651181460845098
Cost after iteration 8700: 0.422229
0.0015475241877026535
Cost after iteration 8800: 0.420751
0.001477053660326355
Cost after iteration 8900: 0.419317
0.0014343248324707458
Cost after iteration 9000: 0.417915
0.0014023263830538757
Cost after iteration 9100: 0.416540
0.0013752261115708153
Cost after iteration 9200: 0.415187
0.0013525792368030976
Cost after iteration 9300: 0.413862
0.0013251564867858279
Cost after iteration 9400: 0.412564
0.0012979371175612653
Cost after iteration 9500: 0.411252
0.0013123058484174055
Cost after iteration 9600: 0.409966
0.0012860602003755828
Cost after iteration 9700: 0.408717
0.001248996479288167
Cost after iteration 9800: 0.407503
0.0012138404438041817
Cost after iteration 9900: 0.406298
0.0012047951924809563
Cost after iteration 10000: 0.405095
0.0012030729192331613
Cost after iteration 10100: 0.403895
0.0012003281244371555
Cost after iteration 10200: 0.402720
0.001175021247220187
Cost after iteration 10300: 0.401577
0.0011422650288037683
Cost after iteration 10400: 0.400443
0.0011341752699546293
Cost after iteration 10500: 0.399311
0.0011318782383343273
Cost after iteration 10600: 0.398178
0.0011327014456893325
Cost after iteration 10700: 0.397046
0.0011320220750933307
Cost after iteration 10800: 0.395899
0.0011479168328186184
Cost after iteration 10900: 0.394743
0.001155133283349874
Cost after iteration 11000: 0.393597
0.0011460127592916591
Cost after iteration 11100: 0.392390
0.0012074267285789309
Cost after iteration 11200: 0.390507
0.0018826139566521793
Cost after iteration 11300: 0.389132
0.0013758273836457224
Cost after iteration 11400: 0.387828
0.0013030736519364372
Cost after iteration 11500: 0.386567
0.001261188987580597
Cost after iteration 11600: 0.385327
0.00124009225807864
Cost after iteration 11700: 0.384112
0.0012155919714446628
Cost after iteration 11800: 0.382895
0.001216331073654875
Cost after iteration 11900: 0.381670
0.0012248571041225675
Cost after iteration 12000: 0.380478
0.0011923691990359253
Cost after iteration 12100: 0.379306
0.0011721673906515684
Cost after iteration 12200: 0.378125
0.001180861293683888
Cost after iteration 12300: 0.376961
0.0011637251946834959
Cost after iteration 12400: 0.375814
0.0011470383275776208
Cost after iteration 12500: 0.374673
0.001141532117791444
Cost after iteration 12600: 0.373503
0.0011692733343915407
Cost after iteration 12700: 0.372314
0.0011895681741889153
Cost after iteration 12800: 0.371145
0.0011684412911712738
Cost after iteration 12900: 0.369951
0.0011945153811658282
Cost after iteration 13000: 0.368740
0.0012113637419154943
Cost after iteration 13100: 0.367481
0.0012584234980929088
Cost after iteration 13200: 0.366251
0.0012298040930533993
Cost after iteration 13300: 0.365047
0.001203941655453289
Cost after iteration 13400: 0.363786
0.0012609130265037183
Cost after iteration 13500: 0.362545
0.0012417276759061902
Cost after iteration 13600: 0.361318
0.0012271850159530362
Cost after iteration 13700: 0.360515
0.0008026119272727672
Cost after iteration 13800: 0.359402
0.0011127758982817926
Cost after iteration 13900: 0.358421
0.000981652534921107
Cost after iteration 14000: 0.357448
0.0009721175026641826
Cost after iteration 14100: 0.356674
0.0007742631608704253
Cost after iteration 14200: 0.355683
0.0009913332783155204
Cost after iteration 14300: 0.355108
0.0005748932533939932
Cost after iteration 14400: 0.354344
0.0007636428982983334
Cost after iteration 14500: 0.353663
0.0006815883724459737
Cost after iteration 14600: 0.352928
0.0007342720892214993
Cost after iteration 14700: 0.352245
0.0006834542891429596
Cost after iteration 14800: 0.351607
0.0006382711002208552
Cost after iteration 14900: 0.350793
0.0008138506713226135
Cost after iteration 15000: 0.350316
0.00047684657369945205
Cost after iteration 15100: 0.349659
0.0006571382300131212
Cost after iteration 15200: 0.349176
0.0004829377010915348
Cost after iteration 15300: 0.348662
0.0005136261595352076
Cost after iteration 15400: 0.348193
0.000469530342374902
Cost after iteration 15500: 0.347754
0.0004389253890646483
Cost after iteration 15600: 0.347648
0.00010595181209593907
Cost after iteration 15700: 0.347018
0.0006300860459689805
Cost after iteration 15800: 0.346869
0.00014890258217803432
Cost after iteration 15900: 0.347215
0.0003458117619561385
Cost after iteration 16000: 0.345453
0.0017616049974029657
Cost after iteration 16100: 0.345539
8.631428131505858e-05
Cost after iteration 16200: 0.345174
0.00036508840055282654
Cost after iteration 16300: 0.344348
0.0008259425247290619
Cost after iteration 16400: 0.343532
0.0008161427029863
Cost after iteration 16500: 0.344047
0.0005152200610809565
Cost after iteration 16600: 0.342526
0.0015211910287726282
Cost after iteration 16700: 0.341021
0.0015048686365919939
Cost after iteration 16800: 0.339968
0.0010531105058654844
Cost after iteration 16900: 0.339229
0.0007393045464714199
Cost after iteration 17000: 0.339461
0.0002321225822602413
Cost after iteration 17100: 0.337676
0.0017846656848319875
Cost after iteration 17200: 0.337630
4.6771107908072374e-05
Cost after iteration 17300: 0.338636
0.001006232964854581
Cost after iteration 17400: 0.337466
0.0011703370214942166
Cost after iteration 17500: 0.335934
0.0015318469387060607
Cost after iteration 17600: 0.336722
0.0007879709967466564
Cost after iteration 17700: 0.327954
0.008767899187483996
Cost after iteration 17800: 0.323858
0.004096190505742114
Cost after iteration 17900: 0.327535
0.0036774065947097756
Cost after iteration 18000: 0.327927
0.00039168800749389554
Cost after iteration 18100: 0.327354
0.0005730198688155275
Cost after iteration 18200: 0.326569
0.0007850448005867205
Cost after iteration 18300: 0.326347
0.0002220775262029573
Cost after iteration 18400: 0.325624
0.0007224372444902261
Cost after iteration 18500: 0.324048
0.0015765193277721967
Cost after iteration 18600: 0.328492
0.004443912882598988
Cost after iteration 18700: 0.316326
0.012165961892123156
Cost after iteration 18800: 0.319443
0.003117393359192089
Cost after iteration 18900: 0.321047
0.001604119966029105
Cost after iteration 19000: 0.319611
0.001436506112005187
Cost after iteration 19100: 0.315624
0.003986148286436564
Cost after iteration 19200: 0.319630
0.004005370050319201
Cost after iteration 19300: 0.320172
0.0005417517540997063
Cost after iteration 19400: 0.316881
0.0032906860863521903
Cost after iteration 19500: 0.318045
0.0011642646244108823
Cost after iteration 19600: 0.315960
0.002085390401181386
Cost after iteration 19700: 0.318431
0.0024713274838343846
Cost after iteration 19800: 0.318230
0.00020134571492558262
Cost after iteration 19900: 0.316682
0.0015477035365542569
Cost after iteration 20000: 0.311512
0.0051702681989101995
Cost after iteration 20100: 0.317943
0.006430916465256509
Cost after iteration 20200: 0.317304
0.000638786212431075
Cost after iteration 20300: 0.316925
0.00037929292683586135
Cost after iteration 20400: 0.313737
0.0031877416689728433
Cost after iteration 20500: 0.318266
0.004529415484399946
Cost after iteration 20600: 0.315950
0.0023160231774685958
Cost after iteration 20700: 0.308565
0.007385411618136328
Cost after iteration 20800: 0.318586
0.010021072804146158
Cost after iteration 20900: 0.315923
0.0026624126863125652
Cost after iteration 21000: 0.310606
0.0053177675454689766
Cost after iteration 21100: 0.316645
0.006039620616284158
Cost after iteration 21200: 0.313913
0.002732646903622904
Cost after iteration 21300: 0.309741
0.004171419402508314
Cost after iteration 21400: 0.315051
0.005310002830740568
Cost after iteration 21500: 0.312868
0.002183673644980788
Cost after iteration 21600: 0.310456
0.0024120663228808237
Cost after iteration 21700: 0.313688
0.0032326387826655534
Cost after iteration 21800: 0.309222
0.004465999295171441
Cost after iteration 21900: 0.314211
0.004988918763943806
Cost after iteration 22000: 0.303366
0.010845117569073248
Cost after iteration 22100: 0.312618
0.009252052555811852
Cost after iteration 22200: 0.312180
0.0004382911064305106
Cost after iteration 22300: 0.316223
0.004043789475112358
Cost after iteration 22400: 0.308051
0.008172076438969778
Cost after iteration 22500: 0.303025
0.005026911127985534
Cost after iteration 22600: 0.300594
0.002430935166631676
Cost after iteration 22700: 0.317311
0.016716997800322042
Cost after iteration 22800: 0.306905
0.01040603958410602
Cost after iteration 22900: 0.305533
0.0013718175778261177
Cost after iteration 23000: 0.306014
0.0004808564319431774
Cost after iteration 23100: 0.311516
0.005502453323667222
Cost after iteration 23200: 0.305876
0.0056402831019939925
Cost after iteration 23300: 0.305097
0.0007785451907542651
Cost after iteration 23400: 0.307116
0.0020183342269142757
Cost after iteration 23500: 0.302561
0.004554548771331324
Cost after iteration 23600: 0.310413
0.00785212417793979
Cost after iteration 23700: 0.295892
0.014520975132582437
Cost after iteration 23800: 0.304783
0.008890862924380183
Cost after iteration 23900: 0.303633
0.0011496086940951389
Cost after iteration 24000: 0.301560
0.0020733175626109768
Cost after iteration 24100: 0.290150
0.011410497860944113
Cost after iteration 24200: 0.305378
0.015228179324593638
Cost after iteration 24300: 0.310430
0.005051971998078331
Cost after iteration 24400: 0.300339
0.010090956461679568
Cost after iteration 24500: 0.302992
0.0026527868166845714
Cost after iteration 24600: 0.295271
0.007720471745631674
Cost after iteration 24700: 0.290450
0.004821577693873147
Cost after iteration 24800: 0.291963
0.0015131314769583626
Cost after iteration 24900: 0.296790
0.004826941820026631
Cost after iteration 25000: 0.312588
0.015797984326615888
Cost after iteration 25100: 0.303337
0.009250097656855083
Cost after iteration 25200: 0.296311
0.007026386923897121
Cost after iteration 25300: 0.288114
0.008196969215921501
Cost after iteration 25400: 0.288851
0.0007371993530025378
Cost after iteration 25500: 0.290103
0.001251934369859209
Cost after iteration 25600: 0.290924
0.0008203403604898352
Cost after iteration 25700: 0.291483
0.000559325361557339
Cost after iteration 25800: 0.292837
0.001353715206404149
Cost after iteration 25900: 0.295578
0.002741150414825033
Cost after iteration 26000: 0.298338
0.0027601819561129393
Cost after iteration 26100: 0.306380
0.008042165957747649
Cost after iteration 26200: 0.308414
0.002034262323667657
Cost after iteration 26300: 0.306650
0.0017645517324698656
Cost after iteration 26400: 0.303905
0.002744944764747237
Cost after iteration 26500: 0.302854
0.001050466650142412
Cost after iteration 26600: 0.300250
0.0026044100268249326
Cost after iteration 26700: 0.297708
0.0025420213226805544
Cost after iteration 26800: 0.297684
2.352372149833082e-05
Cost after iteration 26900: 0.295056
0.0026283506266424617
Cost after iteration 27000: 0.299780
0.004723470192996793
Cost after iteration 27100: 0.299911
0.00013104096963628686
Cost after iteration 27200: 0.300794
0.0008832411204640622
Cost after iteration 27300: 0.298355
0.002438531318962711
Cost after iteration 27400: 0.288343
0.010012500234218902
Cost after iteration 27500: 0.288053
0.00028944106391926017
Cost after iteration 27600: 0.287690
0.00036303848992380594
Cost after iteration 27700: 0.286237
0.0014533003520237342
Cost after iteration 27800: 0.284781
0.0014562040773772322
Cost after iteration 27900: 0.285076
0.00029548902981840763
Cost after iteration 28000: 0.293651
0.00857477378125765
Cost after iteration 28100: 0.301828
0.008176412458583748
Cost after iteration 28200: 0.287969
0.013858147294817658
Cost after iteration 28300: 0.287339
0.0006300984830848178
Cost after iteration 28400: 0.286972
0.00036764420592094726
Cost after iteration 28500: 0.287009
3.743135910255768e-05
Cost after iteration 28600: 0.287514
0.0005049921292490933
Cost after iteration 28700: 0.287981
0.000467121392048353
Cost after iteration 28800: 0.285629
0.0023523875529351534
Cost after iteration 28900: 0.283327
0.002301499160618725
Cost after iteration 29000: 0.287459
0.004132001623224524
Cost after iteration 29100: 0.292052
0.004593172558179592
Cost after iteration 29200: 0.293894
0.0018416331707317157
Cost after iteration 29300: 0.298903
0.0050091940892106335
Cost after iteration 29400: 0.281665
0.017238320864454815
Cost after iteration 29500: 0.290161
0.008495558576273432
Cost after iteration 29600: 0.288152
0.0020082571855929987
Cost after iteration 29700: 0.281357
0.006795561990377674
Cost after iteration 29800: 0.298800
0.017443574810695306
Cost after iteration 29900: 0.279241
0.019558835412199105
Cost after iteration 30000: 0.286220
0.0069789339303263365
Cost after iteration 30100: 0.291222
0.005001776473057495
Cost after iteration 30200: 0.278976
0.012246176828106414
Cost after iteration 30300: 0.300932
0.021956506959740385
Cost after iteration 30400: 0.278623
0.022309979215511033
Cost after iteration 30500: 0.283528
0.004905614450165963
Cost after iteration 30600: 0.290432
0.006903459834285919
Cost after iteration 30700: 0.278226
0.012205123853615718
Cost after iteration 30800: 0.299947
0.021720107987481363
Cost after iteration 30900: 0.277189
0.022757309053996533
Cost after iteration 31000: 0.284504
0.007315030712872095
Cost after iteration 31100: 0.282426
0.0020786484990089615
Cost after iteration 31200: 0.277979
0.00444619496634463
Cost after iteration 31300: 0.296194
0.01821487221121393
Cost after iteration 31400: 0.276033
0.02016150049050286
Cost after iteration 31500: 0.287114
0.01108095570022527
Cost after iteration 31600: 0.277726
0.009387508627388408
Cost after iteration 31700: 0.278640
0.0009136366080411684
Cost after iteration 31800: 0.291082
0.012441798526469316
Cost after iteration 31900: 0.276104
0.014977816681955969
Cost after iteration 32000: 0.298538
0.022434369580059732
Cost after iteration 32100: 0.275281
0.023257115340884316
Cost after iteration 32200: 0.278536
0.0032549249500407607
Cost after iteration 32300: 0.298243
0.019707365900265394
Cost after iteration 32400: 0.274629
0.023614814402463824
Cost after iteration 32500: 0.276619
0.0019904978809962004
Cost after iteration 32600: 0.287885
0.011266350257675084
Cost after iteration 32700: 0.282285
0.005600085944765798
Cost after iteration 32800: 0.274057
0.00822828979844853
Cost after iteration 32900: 0.280294
0.0062366903733688805
Cost after iteration 33000: 0.295357
0.015063507591588643
Cost after iteration 33100: 0.274318
0.021039284527265556
Cost after iteration 33200: 0.274143
0.0001753376633061854
Cost after iteration 33300: 0.279195
0.005052626156890894
Cost after iteration 33400: 0.296386
0.017191165092284744
Cost after iteration 33500: 0.276981
0.019405489044528823
Cost after iteration 33600: 0.272907
0.0040737708540077855
Cost after iteration 33700: 0.276281
0.0033738105796199958
Cost after iteration 33800: 0.282140
0.005859246125123785
Cost after iteration 33900: 0.292428
0.010287801881973535
Cost after iteration 34000: 0.273148
0.019279820039870055
Cost after iteration 34100: 0.272430
0.0007182239437391602
Cost after iteration 34200: 0.274954
0.0025237480260966727
Cost after iteration 34300: 0.278297
0.003342865039041132
Cost after iteration 34400: 0.279463
0.0011663402633050879
Cost after iteration 34500: 0.279984
0.0005213168740885732
Cost after iteration 34600: 0.278206
0.0017781783692856767
Cost after iteration 34700: 0.276384
0.0018222193085484784
Cost after iteration 34800: 0.271975
0.00440917480628239
Cost after iteration 34900: 0.271101
0.0008737518651673049
Cost after iteration 35000: 0.290589
0.01948763475560017
Cost after iteration 35100: 0.279256
0.011332602769094091
Cost after iteration 35200: 0.277257
0.0019985219513176666
Cost after iteration 35300: 0.273889
0.003368765088798742
Cost after iteration 35400: 0.273919
3.05730619385991e-05
Cost after iteration 35500: 0.270427
0.003492400277426033
Cost after iteration 35600: 0.275644
0.005216869708552174
Cost after iteration 35700: 0.270145
0.005498388459114267
Cost after iteration 35800: 0.275329
0.005183855001391513
Cost after iteration 35900: 0.270706
0.004623158234172142
Cost after iteration 36000: 0.274857
0.004150633403182558
Cost after iteration 36100: 0.275851
0.0009939602246948898
Cost after iteration 36200: 0.270111
0.005739959582412246
Cost after iteration 36300: 0.274663
0.00455260671088864
Cost after iteration 36400: 0.275058
0.0003948564113923081
Cost after iteration 36500: 0.284302
0.009243617554527461
Cost after iteration 36600: 0.278720
0.005582134101274894
Cost after iteration 36700: 0.272911
0.005808691711319536
Cost after iteration 36800: 0.274576
0.0016654103702131162
Cost after iteration 36900: 0.274541
3.535260685294528e-05
Cost after iteration 37000: 0.268109
0.006432073907455427
Cost after iteration 37100: 0.273470
0.0053614548415074625
Cost after iteration 37200: 0.273966
0.0004960692764322538
Cost after iteration 37300: 0.271080
0.002886665971418678
Cost after iteration 37400: 0.269994
0.001085848782086285
Cost after iteration 37500: 0.268863
0.0011310857800118645
Cost after iteration 37600: 0.267526
0.0013367333774660373
Cost after iteration 37700: 0.267734
0.00020819831181373427
Cost after iteration 37800: 0.289325
0.021590434674994496
Cost after iteration 37900: 0.279273
0.010051570492052908
Cost after iteration 38000: 0.272444
0.00682875908764069
Cost after iteration 38100: 0.273059
0.0006150082872659057
Cost after iteration 38200: 0.273030
2.8946542487418014e-05
Cost after iteration 38300: 0.271485
0.0015453778866827972
Cost after iteration 38400: 0.269663
0.0018221005524224343
Cost after iteration 38500: 0.267978
0.0016851299870244696
Cost after iteration 38600: 0.266059
0.00191889374154669
Cost after iteration 38700: 0.268901
0.002841534849780003
Cost after iteration 38800: 0.284909
0.016008648588320906
Cost after iteration 38900: 0.276441
0.00846856043835631
Cost after iteration 39000: 0.271531
0.0049094086900421385
Cost after iteration 39100: 0.267723
0.003808014572276197
Cost after iteration 39200: 0.266190
0.0015332245545759404
Cost after iteration 39300: 0.276205
0.010014809630749744
Cost after iteration 39400: 0.283182
0.006977505761779634
Cost after iteration 39500: 0.275522
0.007659821471727668
Cost after iteration 39600: 0.271712
0.0038104032947572364
Cost after iteration 39700: 0.270599
0.0011127181644838835
Cost after iteration 39800: 0.270065
0.0005339919355450418
Cost after iteration 39900: 0.270723
0.0006575113092159857
Cost after iteration 40000: 0.273039
0.0023162934508024202
Cost after iteration 40100: 0.274980
0.001940684075540322
Cost after iteration 40200: 0.277014
0.0020336998448073906
Cost after iteration 40300: 0.275735
0.0012789061901594123
Cost after iteration 40400: 0.277954
0.0022198620328170993
Cost after iteration 40500: 0.278199
0.00024499223892548994
Cost after iteration 40600: 0.290722
0.012522425850490015
Cost after iteration 40700: 0.280888
0.009834103999580845
Cost after iteration 40800: 0.267693
0.013195238093704653
Cost after iteration 40900: 0.262483
0.005209296049052403
Cost after iteration 41000: 0.264977
0.002493656534208355
Cost after iteration 41100: 0.265647
0.0006702442340407178
Cost after iteration 41200: 0.271780
0.006133071744482244
Cost after iteration 41300: 0.276876
0.0050956628536633075
Cost after iteration 41400: 0.282077
0.00520143323796618
Cost after iteration 41500: 0.266773
0.015304794736953342
Cost after iteration 41600: 0.264186
0.002586205618344717
Cost after iteration 41700: 0.264372
0.00018585264298603965
Cost after iteration 41800: 0.269194
0.004821705833425005
Cost after iteration 41900: 0.276724
0.007529978814627192
Cost after iteration 42000: 0.271806
0.00491775435613484
Cost after iteration 42100: 0.264072
0.007733855730931438
Cost after iteration 42200: 0.263972
0.00010018637575093248
Cost after iteration 42300: 0.266235
0.002262871623680107
Cost after iteration 42400: 0.276345
0.010109831444714168
Cost after iteration 42500: 0.270983
0.005362119847677538
Cost after iteration 42600: 0.260727
0.010255667864960905
Cost after iteration 42700: 0.263912
0.0031846242214761955
Cost after iteration 42800: 0.271500
0.0075883912773602735
Cost after iteration 42900: 0.272070
0.0005698436047363309
Cost after iteration 43000: 0.261978
0.010092260273101339
Cost after iteration 43100: 0.262984
0.0010067232774469415
Cost after iteration 43200: 0.274336
0.011351640076066427
Cost after iteration 43300: 0.266759
0.007577372624507972
Cost after iteration 43400: 0.262219
0.0045399369803200695
Cost after iteration 43500: 0.274494
0.012275688746109015
Cost after iteration 43600: 0.263327
0.011167405905703087
Cost after iteration 43700: 0.263490
0.0001631831218468771
Cost after iteration 43800: 0.273903
0.010413010959859303
Cost after iteration 43900: 0.260775
0.01312840182217856
Cost after iteration 44000: 0.270874
0.010099112066549287
Cost after iteration 44100: 0.263357
0.007517264820374903
Cost after iteration 44200: 0.263378
2.189134956998018e-05
Cost after iteration 44300: 0.270396
0.007017609440630124
Cost after iteration 44400: 0.260771
0.009625456839313262
Cost after iteration 44500: 0.274528
0.013757548664168728
Cost after iteration 44600: 0.260465
0.01406276948220414
Cost after iteration 44700: 0.264649
0.00418406141420119
Cost after iteration 44800: 0.269364
0.004714296036778198
Cost after iteration 44900: 0.259397
0.00996655127748508
Cost after iteration 45000: 0.266748
0.007351070791012992
Cost after iteration 45100: 0.269324
0.002575916347827112
Cost after iteration 45200: 0.258704
0.010620119103231462
Cost after iteration 45300: 0.264700
0.0059960443203077585
Cost after iteration 45400: 0.262977
0.0017226553886789397
Cost after iteration 45500: 0.262827
0.00015080126395605742
Cost after iteration 45600: 0.264987
0.0021601472311041925
Cost after iteration 45700: 0.258232
0.006755005965459415
Cost after iteration 45800: 0.265373
0.0071411610157606775
Cost after iteration 45900: 0.262819
0.0025539003599791
Cost after iteration 46000: 0.260149
0.0026702559553571925
Cost after iteration 46100: 0.268890
0.008740830638224839
Cost after iteration 46200: 0.257643
0.01124698317582884
Cost after iteration 46300: 0.261751
0.004108307732637817
Cost after iteration 46400: 0.271458
0.009707017641952032
Cost after iteration 46500: 0.257159
0.014298921098308437
Cost after iteration 46600: 0.263836
0.006677369813449685
Cost after iteration 46700: 0.265704
0.0018680201190852674
Cost after iteration 46800: 0.257035
0.008669570610187971
Cost after iteration 46900: 0.264839
0.007804024217043459
Cost after iteration 47000: 0.264617
0.0002223224236803656
Cost after iteration 47100: 0.255819
0.008797448082536574
Cost after iteration 47200: 0.267039
0.011220382831443554
Cost after iteration 47300: 0.255291
0.011748314025116224
Cost after iteration 47400: 0.269608
0.014317006828412415
Cost after iteration 47500: 0.254709
0.014899143566378115
Cost after iteration 47600: 0.255441
0.0007322426291674899
Cost after iteration 47700: 0.259770
0.004329196582753214
Cost after iteration 47800: 0.267038
0.007267628330146603
Cost after iteration 47900: 0.262040
0.004998032771135252
Cost after iteration 48000: 0.256007
0.0060331404548725764
Cost after iteration 48100: 0.254629
0.0013775589486413886
Cost after iteration 48200: 0.258543
0.003913166080416197
Cost after iteration 48300: 0.267226
0.008683079277118255
Cost after iteration 48400: 0.260682
0.006543638799954454
Cost after iteration 48500: 0.254494
0.006187745685035384
Cost after iteration 48600: 0.253012
0.0014822395430582058
Cost after iteration 48700: 0.261197
0.00818501368071195
Cost after iteration 48800: 0.259287
0.001909843496144259
Cost after iteration 48900: 0.254723
0.004564178036679856
Cost after iteration 49000: 0.253300
0.0014233482713207346
Cost after iteration 49100: 0.263487
0.010187728719830036
Cost after iteration 49200: 0.265789
0.0023011662658528054
Cost after iteration 49300: 0.257256
0.008532715119030698
Cost after iteration 49400: 0.253391
0.003864945138699394
Cost after iteration 49500: 0.253118
0.00027287729101538316
Cost after iteration 49600: 0.265460
0.012341893910086832
Cost after iteration 49700: 0.255923
0.009536606197121378
Cost after iteration 49800: 0.251686
0.004237447272171402
Cost after iteration 49900: 0.266041
0.014355507984789573
Cost after iteration 50000: 0.256056
0.009985068285985
Cost after iteration 50100: 0.251459
0.004597307047394528
Cost after iteration 50200: 0.251453
5.549701306395427e-06
Accuracy: 0.8992508321422751
Accuracy: 0.9006345232442698
